# BRON: KONINKLIJK NEDERLANDS METEOROLOGISCH INSTITUUT (KNMI)
# Parallel measurements at the KNMI terrain in De Bilt the Netherlands in the period 2016-2018 as described in T. Brandsma, Pagodemetingen De Bilt, Meterologica 1, p12-16, 2019. 
# 
# Location: LON(east) = 5.18,  LAT(north) = 52.1
# Altitude:    ALT(m) = 1.90
# 
# year = year;
# month = month;
# day = day;
# screen = screen type (Pagode or Stevenson)
# TMEAN = daily mean temperature measured from 0-0 UTC (degree Celsius); 
# TX = daily maximum temperature Pagode measured from 0-0 UTC (degree Celsius); 
# TN = daily minimum temperature measured from 0-0 UTC (degree Celsius); 
#
#
year,month,day,screen,TMEAN,TX,TN
2016,9,1,Pagode,17.5,23.5,11.2
2016,9,1,Stevenson,17.2,22.9,11.1
2016,9,2,Pagode,16.7,22.1,10.6
2016,9,2,Stevenson,16.4,21.4,10.4
2016,9,3,Pagode,18.6,23.3,14.1
2016,9,3,Stevenson,18.3,22.6,13.8
2016,9,4,Pagode,18.2,21.3,15.7
2016,9,4,Stevenson,17.9,20.7,15.5
2016,9,5,Pagode,17.8,22.9,12.5
2016,9,5,Stevenson,17.4,22.6,12.3
2016,9,6,Pagode,18.3,24,12.2
2016,9,6,Stevenson,18,23.5,12.1
2016,9,7,Pagode,19.2,27.4,12.6
2016,9,7,Stevenson,18.9,26.8,12.4
2016,9,8,Pagode,NA,NA,NA
2016,9,8,Stevenson,NA,NA,NA
2016,9,9,Pagode,17.5,23.8,12.2
2016,9,9,Stevenson,17.2,23.1,12.2
2016,9,10,Pagode,18.9,26.1,12.3
2016,9,10,Stevenson,18.6,25.6,12.1
2016,9,11,Pagode,18.7,21.9,15.6
2016,9,11,Stevenson,18.5,21.5,15.3
2016,9,12,Pagode,21.4,28.7,15.7
2016,9,12,Stevenson,21.1,28.2,15.5
2016,9,13,Pagode,24.3,32,16.7
2016,9,13,Stevenson,24.1,31.5,16.7
2016,9,14,Pagode,NA,NA,NA
2016,9,14,Stevenson,NA,NA,NA
2016,9,15,Pagode,23,29.7,16.7
2016,9,15,Stevenson,22.8,29.2,16.5
2016,9,16,Pagode,17.6,21.6,15.6
2016,9,16,Stevenson,17.4,21.2,15.5
2016,9,17,Pagode,NA,NA,NA
2016,9,17,Stevenson,NA,NA,NA
2016,9,18,Pagode,17.1,20.9,14.2
2016,9,18,Stevenson,16.8,20.4,14
2016,9,19,Pagode,NA,NA,NA
2016,9,19,Stevenson,NA,NA,NA
2016,9,20,Pagode,14.9,20.7,8.6
2016,9,20,Stevenson,14.6,19.7,8.4
2016,9,21,Pagode,15.5,21.3,9.8
2016,9,21,Stevenson,15.2,20.8,9.7
2016,9,22,Pagode,14.4,21.7,8
2016,9,22,Stevenson,14.1,21.2,7.8
2016,9,23,Pagode,14.1,20.7,8.2
2016,9,23,Stevenson,13.8,20.1,8
2016,9,24,Pagode,15.8,24.1,8.5
2016,9,24,Stevenson,15.5,23.6,8.3
2016,9,25,Pagode,16.4,24.7,11.7
2016,9,25,Stevenson,16.1,24.2,11.3
2016,9,26,Pagode,13.9,19.4,8.4
2016,9,26,Stevenson,13.6,18.9,8.3
2016,9,27,Pagode,14.8,20.9,6.4
2016,9,27,Stevenson,14.5,20.5,6.3
2016,9,28,Pagode,18.8,22,16.2
2016,9,28,Stevenson,18.6,21.5,16.1
2016,9,29,Pagode,16,17.9,13.7
2016,9,29,Stevenson,15.8,17.7,13.5
2016,9,30,Pagode,14.6,18.9,11.4
2016,9,30,Stevenson,14.4,18.4,11.1
2016,10,1,Pagode,13.8,18,10.5
2016,10,1,Stevenson,13.6,17.5,10.3
2016,10,2,Pagode,12.1,16.1,8.9
2016,10,2,Stevenson,11.9,15.6,8.8
2016,10,3,Pagode,14.6,19.5,11
2016,10,3,Stevenson,14.2,18.7,10.9
2016,10,4,Pagode,13.3,17.5,10.2
2016,10,4,Stevenson,13.1,17,10
2016,10,5,Pagode,10.2,14.4,5.9
2016,10,5,Stevenson,9.9,13.9,5.6
2016,10,6,Pagode,9.6,13,4.6
2016,10,6,Stevenson,9.4,12.7,4.3
2016,10,7,Pagode,12,14.7,10.2
2016,10,7,Stevenson,11.8,14.3,10.1
2016,10,8,Pagode,11.4,14.6,7
2016,10,8,Stevenson,11.1,14.1,6.7
2016,10,9,Pagode,8.6,15.1,2.4
2016,10,9,Stevenson,8.2,14.5,2.4
2016,10,10,Pagode,8.3,13.9,2.6
2016,10,10,Stevenson,8,13.1,2.5
2016,10,11,Pagode,8.4,13,1
2016,10,11,Stevenson,8.2,12.5,0.9
2016,10,12,Pagode,9.1,11.2,7.2
2016,10,12,Stevenson,9,10.8,7.1
2016,10,13,Pagode,9.3,11.6,7.9
2016,10,13,Stevenson,9.1,11.3,7.8
2016,10,14,Pagode,10.2,13.6,7.5
2016,10,14,Stevenson,10,13.3,7.4
2016,10,15,Pagode,10.8,13.9,9.1
2016,10,15,Stevenson,10.7,13.7,8.9
2016,10,16,Pagode,13.6,19.1,8.5
2016,10,16,Stevenson,13.4,18.8,8.4
2016,10,17,Pagode,NA,NA,NA
2016,10,17,Stevenson,NA,NA,NA
2016,10,18,Pagode,10.2,13,6.9
2016,10,18,Stevenson,10,12.8,6.6
2016,10,19,Pagode,8.9,12.2,5.3
2016,10,19,Stevenson,8.7,11.7,5.1
2016,10,20,Pagode,8.6,12.2,4.2
2016,10,20,Stevenson,8.4,11.9,4
2016,10,21,Pagode,7.7,13.1,2.2
2016,10,21,Stevenson,7.4,12.5,2.2
2016,10,22,Pagode,7.1,10.6,1.6
2016,10,22,Stevenson,6.9,10.2,1.5
2016,10,23,Pagode,5.2,12.2,-0.4
2016,10,23,Stevenson,4.9,11.6,-0.5
2016,10,24,Pagode,7.2,9.5,4.5
2016,10,24,Stevenson,7.1,9.3,4.3
2016,10,25,Pagode,8.8,10.3,8
2016,10,25,Stevenson,8.7,10,7.9
2016,10,26,Pagode,9.6,13,5
2016,10,26,Stevenson,9.4,12.6,4.8
2016,10,27,Pagode,11.8,14.1,10.4
2016,10,27,Stevenson,11.7,13.8,10.3
2016,10,28,Pagode,13,14.8,10.5
2016,10,28,Stevenson,12.9,14.7,10.4
2016,10,29,Pagode,10.1,15.7,5.9
2016,10,29,Stevenson,9.9,15.3,5.8
2016,10,30,Pagode,9.2,15.1,4.8
2016,10,30,Stevenson,9,14.9,4.6
2016,10,31,Pagode,9.2,16.5,3.6
2016,10,31,Stevenson,9,16.2,3.5
2016,11,1,Pagode,8.4,14,4.5
2016,11,1,Stevenson,8.1,13.4,4.3
2016,11,2,Pagode,7.4,12.2,3.2
2016,11,2,Stevenson,7.2,11.8,3.1
2016,11,3,Pagode,6.7,12.5,1.6
2016,11,3,Stevenson,6.5,11.9,1.5
2016,11,4,Pagode,7.7,9.9,6.4
2016,11,4,Stevenson,7.6,9.7,6.3
2016,11,5,Pagode,6.9,10.9,4.7
2016,11,5,Stevenson,6.7,10.5,4.5
2016,11,6,Pagode,6.2,9.2,2.9
2016,11,6,Stevenson,6,9,2.8
2016,11,7,Pagode,4.4,5.9,0.5
2016,11,7,Stevenson,4.3,5.7,0.3
2016,11,8,Pagode,2.2,5.9,-2.3
2016,11,8,Stevenson,2,5.6,-2.5
2016,11,9,Pagode,3.1,4.4,0.7
2016,11,9,Stevenson,3,4.2,0.6
2016,11,10,Pagode,4.1,5.3,3.2
2016,11,10,Stevenson,4,5.2,3.1
2016,11,11,Pagode,2.3,6.2,-2.6
2016,11,11,Stevenson,2,5.7,-2.7
2016,11,12,Pagode,2.1,5.1,-2.3
2016,11,12,Stevenson,1.9,4.9,-2.4
2016,11,13,Pagode,2.9,4.8,-0.6
2016,11,13,Stevenson,2.8,4.6,-0.7
2016,11,14,Pagode,3.2,6.9,-1.5
2016,11,14,Stevenson,3.1,6.8,-1.7
2016,11,15,Pagode,10.8,12.9,7
2016,11,15,Stevenson,10.7,12.8,6.9
2016,11,16,Pagode,12.1,14.4,9.3
2016,11,16,Stevenson,11.9,14.1,9.1
2016,11,17,Pagode,9.4,11.5,7.4
2016,11,17,Stevenson,9.2,11.1,7.2
2016,11,18,Pagode,6.1,8.1,3.2
2016,11,18,Stevenson,5.9,8,3
2016,11,19,Pagode,6,8.4,4.1
2016,11,19,Stevenson,5.8,8.1,4
2016,11,20,Pagode,8.4,12.4,5.1
2016,11,20,Stevenson,8.3,12.3,5
2016,11,21,Pagode,12.1,14.1,8.2
2016,11,21,Stevenson,12,13.9,8.2
2016,11,22,Pagode,11.3,13.8,7.3
2016,11,22,Stevenson,11.2,13.5,7.1
2016,11,23,Pagode,8.2,11.2,4.3
2016,11,23,Stevenson,8.1,11,4.2
2016,11,24,Pagode,7,9,3.3
2016,11,24,Stevenson,6.8,8.7,3.1
2016,11,25,Pagode,3.8,8.8,0.1
2016,11,25,Stevenson,3.5,8.5,-0.1
2016,11,26,Pagode,0.1,3.6,-2
2016,11,26,Stevenson,-0.2,3.4,-2.3
2016,11,27,Pagode,5.6,9.8,0.2
2016,11,27,Stevenson,5.4,9.4,-0.1
2016,11,28,Pagode,0.4,4.7,-3.2
2016,11,28,Stevenson,0.2,4.4,-3.4
2016,11,29,Pagode,-2.5,4.3,-6.7
2016,11,29,Stevenson,-2.7,4.5,-7
2016,11,30,Pagode,2,7,-6.4
2016,11,30,Stevenson,1.8,6.8,-6.7
2016,12,1,Pagode,7.9,9.5,5.4
2016,12,1,Stevenson,7.8,9.4,5.3
2016,12,2,Pagode,5.7,9.1,-1.9
2016,12,2,Stevenson,5.5,8.8,-2
2016,12,3,Pagode,0.5,7.8,-3.4
2016,12,3,Stevenson,0.2,7.5,-3.5
2016,12,4,Pagode,-0.6,4.4,-4.2
2016,12,4,Stevenson,-0.9,4,-4.5
2016,12,5,Pagode,-2,4.1,-6.3
2016,12,5,Stevenson,-2.2,4.2,-6.5
2016,12,6,Pagode,0.4,5.1,-4.7
2016,12,6,Stevenson,0.2,5.1,-4.9
2016,12,7,Pagode,6.2,9.4,2.1
2016,12,7,Stevenson,6.1,9.3,2
2016,12,8,Pagode,8.2,9.6,6.2
2016,12,8,Stevenson,8.1,9.5,6.2
2016,12,9,Pagode,9.2,10.5,7.4
2016,12,9,Stevenson,9.1,10.3,7.2
2016,12,10,Pagode,7.8,9.2,6.6
2016,12,10,Stevenson,7.7,9.1,6.6
2016,12,11,Pagode,8.4,9.6,6.2
2016,12,11,Stevenson,8.3,9.4,6.2
2016,12,12,Pagode,5.5,8.2,1.4
2016,12,12,Stevenson,5.4,8.1,1.3
2016,12,13,Pagode,6.6,7.5,5.5
2016,12,13,Stevenson,6.5,7.4,5.4
2016,12,14,Pagode,7.6,9.3,5.9
2016,12,14,Stevenson,7.4,9.2,5.8
2016,12,15,Pagode,6.7,8,5.5
2016,12,15,Stevenson,6.6,7.9,5.3
2016,12,16,Pagode,5.7,7.8,3.5
2016,12,16,Stevenson,5.5,7.7,3.4
2016,12,17,Pagode,6.1,8.4,3.6
2016,12,17,Stevenson,6,8.4,3.4
2016,12,18,Pagode,6.4,9.4,3.1
2016,12,18,Stevenson,6.3,9.2,3
2016,12,19,Pagode,4.7,8,0.6
2016,12,19,Stevenson,4.5,7.7,0.4
2016,12,20,Pagode,-0.4,1.1,-1.9
2016,12,20,Stevenson,-0.6,0.8,-2.1
2016,12,21,Pagode,4.1,7.1,0.1
2016,12,21,Stevenson,4,7.1,0
2016,12,22,Pagode,6,7,4.9
2016,12,22,Stevenson,5.9,6.9,4.8
2016,12,23,Pagode,6,8.1,4.4
2016,12,23,Stevenson,5.9,7.9,4.3
2016,12,24,Pagode,7.9,9.6,6.2
2016,12,24,Stevenson,7.8,9.6,6.1
2016,12,25,Pagode,10.4,11.8,8.1
2016,12,25,Stevenson,10.2,11.7,8
2016,12,26,Pagode,8.4,11.9,5.7
2016,12,26,Stevenson,8.3,11.8,5.6
2016,12,27,Pagode,6.4,9.8,3.1
2016,12,27,Stevenson,6.2,9.6,3
2016,12,28,Pagode,1.4,4,-2.3
2016,12,28,Stevenson,1.2,3.8,-2.6
2016,12,29,Pagode,-2,-0.8,-3.7
2016,12,29,Stevenson,-2.2,-1,-3.8
2016,12,30,Pagode,-1.2,1.6,-3.9
2016,12,30,Stevenson,-1.3,1.4,-4
2016,12,31,Pagode,1.9,3.4,0.9
2016,12,31,Stevenson,1.8,3.2,0.8
2017,1,1,Pagode,0.6,1.8,-0.7
2017,1,1,Stevenson,0.5,1.8,-0.8
2017,1,2,Pagode,2.7,7.3,-0.3
2017,1,2,Stevenson,2.5,7.1,-0.5
2017,1,3,Pagode,4.9,7.1,0.7
2017,1,3,Stevenson,4.8,7,0.7
2017,1,4,Pagode,5.5,7.3,1.7
2017,1,4,Stevenson,5.4,7.2,1.6
2017,1,5,Pagode,0.2,3.6,-5.2
2017,1,5,Stevenson,-0,3.2,-5.5
2017,1,6,Pagode,-2.8,-0.2,-6
2017,1,6,Stevenson,-2.9,-0.4,-6.2
2017,1,7,Pagode,-0.3,2.1,-1.9
2017,1,7,Stevenson,-0.4,1.9,-2
2017,1,8,Pagode,3.9,5.5,2.5
2017,1,8,Stevenson,3.9,5.4,2.3
2017,1,9,Pagode,4.9,5.9,3.6
2017,1,9,Stevenson,4.8,5.8,3.5
2017,1,10,Pagode,5.2,6.9,2.5
2017,1,10,Stevenson,5.1,6.7,2.3
2017,1,11,Pagode,7.2,10.6,5.8
2017,1,11,Stevenson,7.1,10.3,5.6
2017,1,12,Pagode,5.4,7.6,0.3
2017,1,12,Stevenson,5.3,7.3,0.2
2017,1,13,Pagode,2.9,5.3,0.3
2017,1,13,Stevenson,2.7,5.3,0.2
2017,1,14,Pagode,1.7,4.4,-0.3
2017,1,14,Stevenson,1.5,4.4,-0.4
2017,1,15,Pagode,0.7,4.6,-1.3
2017,1,15,Stevenson,0.5,4.7,-1.4
2017,1,16,Pagode,-1.3,1,-4.2
2017,1,16,Stevenson,-1.5,0.8,-4.4
2017,1,17,Pagode,-3.3,0,-4.8
2017,1,17,Stevenson,-3.5,0.2,-4.9
2017,1,18,Pagode,-3.6,-2,-5.1
2017,1,18,Stevenson,-3.8,-2.1,-5.2
2017,1,19,Pagode,-1.6,3.4,-5.2
2017,1,19,Stevenson,-1.8,3,-5.5
2017,1,20,Pagode,0.1,5.5,-4.5
2017,1,20,Stevenson,-0.1,5.2,-4.6
2017,1,21,Pagode,0.5,5.5,-4.2
2017,1,21,Stevenson,0.3,5,-4.4
2017,1,22,Pagode,-1.5,4.1,-7
2017,1,22,Stevenson,-1.7,3.9,-7.3
2017,1,23,Pagode,1.7,3.1,0
2017,1,23,Stevenson,1.5,2.9,-0.1
2017,1,24,Pagode,1,2.1,0.1
2017,1,24,Stevenson,0.9,2,0
2017,1,25,Pagode,-0.8,0.7,-3.7
2017,1,25,Stevenson,-0.9,0.5,-3.9
2017,1,26,Pagode,-2.4,0.9,-4.6
2017,1,26,Stevenson,-2.6,0.7,-4.8
2017,1,27,Pagode,0.9,5.4,-5.4
2017,1,27,Stevenson,0.8,5.2,-5.7
2017,1,28,Pagode,5.5,8.3,2.4
2017,1,28,Stevenson,5.4,8.2,2.3
2017,1,29,Pagode,4.9,6.6,3.7
2017,1,29,Stevenson,4.7,6.4,3.6
2017,1,30,Pagode,5,7.3,2.9
2017,1,30,Stevenson,4.9,7.1,2.8
2017,1,31,Pagode,NA,NA,NA
2017,1,31,Stevenson,NA,NA,NA
2017,2,1,Pagode,3.5,5.5,0.8
2017,2,1,Stevenson,3.4,5.4,0.7
2017,2,2,Pagode,8.7,12.9,5.5
2017,2,2,Stevenson,8.5,12.7,5.3
2017,2,3,Pagode,8.9,11.9,6.5
2017,2,3,Stevenson,8.7,11.7,6.4
2017,2,4,Pagode,5.9,7.6,3.2
2017,2,4,Stevenson,5.7,7.5,3
2017,2,5,Pagode,4.6,8,0.1
2017,2,5,Stevenson,4.4,7.7,0
2017,2,6,Pagode,4.2,6.7,0.2
2017,2,6,Stevenson,4,6.5,0
2017,2,7,Pagode,2.5,4,1
2017,2,7,Stevenson,2.4,3.8,0.9
2017,2,8,Pagode,0.1,1,-1
2017,2,8,Stevenson,0,0.9,-1.1
2017,2,9,Pagode,-1.4,-0.9,-2.6
2017,2,9,Stevenson,-1.5,-1.1,-2.7
2017,2,10,Pagode,-2.2,-1.3,-4.1
2017,2,10,Stevenson,-2.4,-1.4,-4.3
2017,2,11,Pagode,-0.3,1.2,-1.5
2017,2,11,Stevenson,-0.4,1,-1.6
2017,2,12,Pagode,0.9,3.1,-0.5
2017,2,12,Stevenson,0.6,2.6,-0.8
2017,2,13,Pagode,2.5,7.4,-1.1
2017,2,13,Stevenson,2.3,7.1,-1.2
2017,2,14,Pagode,4.2,9.5,0
2017,2,14,Stevenson,4.1,9.4,-0.2
2017,2,15,Pagode,7.7,13.7,1.5
2017,2,15,Stevenson,7.5,13.6,1.3
2017,2,16,Pagode,6.9,9.8,5.5
2017,2,16,Stevenson,6.8,9.7,5.4
2017,2,17,Pagode,7.1,9,5.2
2017,2,17,Stevenson,6.9,8.8,5.1
2017,2,18,Pagode,5.7,10.5,3.4
2017,2,18,Stevenson,5.6,10.2,3.3
2017,2,19,Pagode,6.1,9.4,3.2
2017,2,19,Stevenson,6,9.2,3.1
2017,2,20,Pagode,9.1,10.8,7.2
2017,2,20,Stevenson,9,10.7,7.1
2017,2,21,Pagode,9.8,11.5,8.3
2017,2,21,Stevenson,9.6,11.2,8.2
2017,2,22,Pagode,9.6,10.9,8
2017,2,22,Stevenson,9.5,10.7,7.9
2017,2,23,Pagode,8.1,10.5,4.1
2017,2,23,Stevenson,8,10.3,4
2017,2,24,Pagode,4.6,9.3,0.1
2017,2,24,Stevenson,4.4,8.9,-0.2
2017,2,25,Pagode,5.7,8.9,1
2017,2,25,Stevenson,5.6,8.8,0.9
2017,2,26,Pagode,8.7,10.6,6.8
2017,2,26,Stevenson,8.6,10.5,6.6
2017,2,27,Pagode,8.9,10.6,4.1
2017,2,27,Stevenson,8.8,10.4,4.1
2017,2,28,Pagode,4.8,6.5,3.2
2017,2,28,Stevenson,4.6,6.3,3.1
2017,3,1,Pagode,6.4,9.6,3.3
2017,3,1,Stevenson,6.2,9.3,3.2
2017,3,2,Pagode,6.7,8.2,4.3
2017,3,2,Stevenson,6.5,8.1,4.2
2017,3,3,Pagode,6,8.8,1.7
2017,3,3,Stevenson,5.9,8.7,1.5
2017,3,4,Pagode,9.4,13.4,6.2
2017,3,4,Stevenson,9.2,13,6
2017,3,5,Pagode,7.1,10.7,4.4
2017,3,5,Stevenson,7,10.4,4.3
2017,3,6,Pagode,6.1,10.1,3.6
2017,3,6,Stevenson,5.9,9.8,3.4
2017,3,7,Pagode,6.7,9.9,4.2
2017,3,7,Stevenson,6.5,9.5,3.9
2017,3,8,Pagode,6.1,10.6,2.1
2017,3,8,Stevenson,6,10.4,2
2017,3,9,Pagode,7.8,13.4,1.6
2017,3,9,Stevenson,7.6,13,1.4
2017,3,10,Pagode,6.8,11.6,-0.3
2017,3,10,Stevenson,6.6,11.2,-0.4
2017,3,11,Pagode,7.9,13,2.9
2017,3,11,Stevenson,7.7,12.9,2.6
2017,3,12,Pagode,8.7,15.4,2.4
2017,3,12,Stevenson,8.4,15.1,2
2017,3,13,Pagode,6.9,14.4,0.3
2017,3,13,Stevenson,6.6,14,0
2017,3,14,Pagode,8.9,14.9,4
2017,3,14,Stevenson,8.7,14.4,3.8
2017,3,15,Pagode,9.5,15,2.2
2017,3,15,Stevenson,9.2,14.5,1.9
2017,3,16,Pagode,9.7,17,1.9
2017,3,16,Stevenson,9.4,16.7,1.7
2017,3,17,Pagode,8.5,10.9,6.8
2017,3,17,Stevenson,8.3,10.3,6.7
2017,3,18,Pagode,9.8,12.9,7.5
2017,3,18,Stevenson,9.6,12.6,7.4
2017,3,19,Pagode,11.4,12.8,9.9
2017,3,19,Stevenson,11.2,12.7,9.8
2017,3,20,Pagode,10.5,11.4,8.8
2017,3,20,Stevenson,10.3,11.2,8.6
2017,3,21,Pagode,7.8,10.6,2.7
2017,3,21,Stevenson,7.6,9.9,2.5
2017,3,22,Pagode,6.7,12.6,0.5
2017,3,22,Stevenson,6.5,12.1,0.2
2017,3,23,Pagode,8.6,14.3,2.3
2017,3,23,Stevenson,8.3,13.8,2.2
2017,3,24,Pagode,8.9,14.7,3.6
2017,3,24,Stevenson,8.6,14.2,3.4
2017,3,25,Pagode,9,14.8,3
2017,3,25,Stevenson,8.7,14.4,2.7
2017,3,26,Pagode,8.4,13.5,3.9
2017,3,26,Stevenson,8.1,13,3.7
2017,3,27,Pagode,10,18,2.9
2017,3,27,Stevenson,9.7,17.6,2.5
2017,3,28,Pagode,11.5,20,1.2
2017,3,28,Stevenson,11.2,19.5,1
2017,3,29,Pagode,12.6,15,10.3
2017,3,29,Stevenson,12.4,14.7,10.2
2017,3,30,Pagode,16.2,22,11.3
2017,3,30,Stevenson,15.9,21.7,11.1
2017,3,31,Pagode,14.9,22.1,9.9
2017,3,31,Stevenson,14.7,21.6,9.8
2017,4,1,Pagode,11.1,14.4,6.7
2017,4,1,Stevenson,10.9,14,6.5
2017,4,2,Pagode,10.6,17.6,4.6
2017,4,2,Stevenson,10.3,17,4.5
2017,4,3,Pagode,8.6,14.4,3.3
2017,4,3,Stevenson,8.4,14.3,3.1
2017,4,4,Pagode,10.1,17.1,2.9
2017,4,4,Stevenson,9.7,16.6,2.7
2017,4,5,Pagode,9.2,13.5,5.4
2017,4,5,Stevenson,8.9,12.9,5.3
2017,4,6,Pagode,8.2,11.9,4.7
2017,4,6,Stevenson,8,11.5,4.5
2017,4,7,Pagode,10.6,14.5,7.2
2017,4,7,Stevenson,10.4,14,7.2
2017,4,8,Pagode,10.3,15.7,3.4
2017,4,8,Stevenson,10,15.5,3.1
2017,4,9,Pagode,12.1,21.2,1.2
2017,4,9,Stevenson,11.8,21,0.9
2017,4,10,Pagode,10.1,15.2,4.2
2017,4,10,Stevenson,9.8,15.2,4
2017,4,11,Pagode,9.6,14.5,2.9
2017,4,11,Stevenson,9.3,13.8,2.7
2017,4,12,Pagode,9.9,12.2,8.1
2017,4,12,Stevenson,9.7,11.7,8
2017,4,13,Pagode,9.4,13.8,5.4
2017,4,13,Stevenson,9.1,13.1,5.2
2017,4,14,Pagode,9.9,13.2,6.2
2017,4,14,Stevenson,9.7,12.6,6.1
2017,4,15,Pagode,9.9,13,6
2017,4,15,Stevenson,9.6,12.3,5.9
2017,4,16,Pagode,8.1,11.4,4.7
2017,4,16,Stevenson,7.8,11.1,4.6
2017,4,17,Pagode,6.7,11.8,2.1
2017,4,17,Stevenson,6.4,11.1,1.9
2017,4,18,Pagode,6.4,11.5,1.3
2017,4,18,Stevenson,6.1,10.8,1.1
2017,4,19,Pagode,4.4,8.6,-0.8
2017,4,19,Stevenson,4.2,8.2,-0.9
2017,4,20,Pagode,7,13.1,-3
2017,4,20,Stevenson,6.7,12.7,-3.2
2017,4,21,Pagode,11.4,15.4,8.6
2017,4,21,Stevenson,11.2,14.8,8.5
2017,4,22,Pagode,8.1,12,4
2017,4,22,Stevenson,7.8,11.3,3.8
2017,4,23,Pagode,7,12.1,2.7
2017,4,23,Stevenson,6.6,11.5,2.3
2017,4,24,Pagode,9.4,13.2,4.3
2017,4,24,Stevenson,9.2,12.8,4.1
2017,4,25,Pagode,6.1,10.5,2.4
2017,4,25,Stevenson,5.7,9.9,2.2
2017,4,26,Pagode,5.4,11.5,-1
2017,4,26,Stevenson,5.1,10.6,-1.2
2017,4,27,Pagode,6.5,11.3,-1.6
2017,4,27,Stevenson,6.2,10.8,-1.7
2017,4,28,Pagode,8,12.2,3.7
2017,4,28,Stevenson,7.6,11.6,3.4
2017,4,29,Pagode,8.3,14.2,1
2017,4,29,Stevenson,8,13.2,0.9
2017,4,30,Pagode,12.8,18.8,4
2017,4,30,Stevenson,12.5,18.5,3.8
2017,5,1,Pagode,12.1,14,8.8
2017,5,1,Stevenson,11.9,13.8,8.6
2017,5,2,Pagode,10.3,15.6,5.6
2017,5,2,Stevenson,10.1,14.9,5.5
2017,5,3,Pagode,10.9,15.5,7.7
2017,5,3,Stevenson,10.7,15.2,7.6
2017,5,4,Pagode,10.7,13.6,8
2017,5,4,Stevenson,10.5,13.3,7.9
2017,5,5,Pagode,9.2,11.2,7.3
2017,5,5,Stevenson,9,11,7.1
2017,5,6,Pagode,13.2,19.1,6.4
2017,5,6,Stevenson,12.9,18.7,6.2
2017,5,7,Pagode,11.8,16.9,8.5
2017,5,7,Stevenson,11.6,16.3,8.3
2017,5,8,Pagode,10,15.5,4.3
2017,5,8,Stevenson,9.8,15,4.1
2017,5,9,Pagode,8.5,14.5,1.9
2017,5,9,Stevenson,8.2,13.6,1.7
2017,5,10,Pagode,9.4,16,0.3
2017,5,10,Stevenson,9,15.6,0.2
2017,5,11,Pagode,15.7,23.3,5.3
2017,5,11,Stevenson,15.4,23,5
2017,5,12,Pagode,15.9,21.7,12.4
2017,5,12,Stevenson,15.6,21.4,12.2
2017,5,13,Pagode,14.4,19.3,9.5
2017,5,13,Stevenson,14.1,18.8,9.4
2017,5,14,Pagode,13.9,20.1,7.1
2017,5,14,Stevenson,13.5,19.6,6.9
2017,5,15,Pagode,15,21.4,5.9
2017,5,15,Stevenson,14.7,20.9,5.7
2017,5,16,Pagode,20.7,26.4,16.2
2017,5,16,Stevenson,20.5,25.9,16
2017,5,17,Pagode,22.6,29,14.9
2017,5,17,Stevenson,22.3,28.7,14.8
2017,5,18,Pagode,16.8,20.9,14.8
2017,5,18,Stevenson,16.6,20.7,14.6
2017,5,19,Pagode,13.7,16.8,10.4
2017,5,19,Stevenson,13.5,16.7,10.1
2017,5,20,Pagode,12.9,17.6,8.1
2017,5,20,Stevenson,12.5,17.2,7.8
2017,5,21,Pagode,14.9,20.6,6.2
2017,5,21,Stevenson,14.5,20.2,6
2017,5,22,Pagode,18.2,25.2,9.1
2017,5,22,Stevenson,17.9,24.7,8.9
2017,5,23,Pagode,16.7,21.5,10.5
2017,5,23,Stevenson,16.3,20.7,10.3
2017,5,24,Pagode,16,22.9,9.5
2017,5,24,Stevenson,15.7,22.2,9.4
2017,5,25,Pagode,17.8,23.8,9.6
2017,5,25,Stevenson,17.4,23.3,9.5
2017,5,26,Pagode,20.9,27.6,11.9
2017,5,26,Stevenson,20.6,27.1,11.6
2017,5,27,Pagode,23.3,32.2,16.3
2017,5,27,Stevenson,23,31.8,16.1
2017,5,28,Pagode,20.9,27.1,15.4
2017,5,28,Stevenson,20.5,26.6,15.2
2017,5,29,Pagode,22.1,28.9,15.6
2017,5,29,Stevenson,21.8,28.4,15.5
2017,5,30,Pagode,18.5,21.6,15.5
2017,5,30,Stevenson,18.2,21.1,15.4
2017,5,31,Pagode,17.8,22.6,11.2
2017,5,31,Stevenson,17.5,22,11
2017,6,1,Pagode,17.1,23.9,8.5
2017,6,1,Stevenson,16.8,23.4,8.2
2017,6,2,Pagode,20.1,26.9,11.5
2017,6,2,Stevenson,19.8,26.3,11.1
2017,6,3,Pagode,18.6,23.6,14
2017,6,3,Stevenson,18.4,23,13.8
2017,6,4,Pagode,15.7,19.8,9
2017,6,4,Stevenson,15.3,19,8.6
2017,6,5,Pagode,17.4,23.1,9
2017,6,5,Stevenson,17.1,22.6,8.7
2017,6,6,Pagode,14.4,17.5,10.8
2017,6,6,Stevenson,14.2,17.4,10.7
2017,6,7,Pagode,14,17.6,11.3
2017,6,7,Stevenson,13.8,17,11.1
2017,6,8,Pagode,17.1,23.5,11.8
2017,6,8,Stevenson,16.9,23,11.7
2017,6,9,Pagode,16.6,19.7,13.6
2017,6,9,Stevenson,16.3,19.1,13.4
2017,6,10,Pagode,18.1,24.5,11.5
2017,6,10,Stevenson,17.8,24,11.1
2017,6,11,Pagode,20.2,27.3,12.9
2017,6,11,Stevenson,20,26.8,12.7
2017,6,12,Pagode,16.2,17.9,14.5
2017,6,12,Stevenson,16,17.6,14.4
2017,6,13,Pagode,16.7,21.1,10.1
2017,6,13,Stevenson,16.4,20.5,10
2017,6,14,Pagode,18,25,8.2
2017,6,14,Stevenson,17.7,24.4,8.1
2017,6,15,Pagode,20.3,27.3,13.1
2017,6,15,Stevenson,20,26.8,13
2017,6,16,Pagode,16.2,18.3,12.3
2017,6,16,Stevenson,15.9,17.8,12
2017,6,17,Pagode,18.8,23.6,13.9
2017,6,17,Stevenson,18.6,23.1,13.8
2017,6,18,Pagode,21.2,28.5,11.7
2017,6,18,Stevenson,20.9,27.9,11.6
2017,6,19,Pagode,23.9,30.8,14.4
2017,6,19,Stevenson,23.6,30.5,14.2
2017,6,20,Pagode,22.1,27.6,15.4
2017,6,20,Stevenson,21.8,27.1,15.2
2017,6,21,Pagode,21.7,29.5,13.4
2017,6,21,Stevenson,21.4,29.2,13.2
2017,6,22,Pagode,23.3,30.8,17.3
2017,6,22,Stevenson,23,30.2,17.2
2017,6,23,Pagode,19.7,23,16.8
2017,6,23,Stevenson,19.4,22.4,16.7
2017,6,24,Pagode,17.2,17.8,16.5
2017,6,24,Stevenson,17,17.7,16.3
2017,6,25,Pagode,17.5,19.5,15.7
2017,6,25,Stevenson,17.3,18.9,15.4
2017,6,26,Pagode,17.3,21,12.6
2017,6,26,Stevenson,17,20.5,12.4
2017,6,27,Pagode,17.4,22.1,11.6
2017,6,27,Stevenson,17.2,21.8,11.4
2017,6,28,Pagode,18,22.4,14.9
2017,6,28,Stevenson,17.9,22.1,14.8
2017,6,29,Pagode,17.7,21.8,13.8
2017,6,29,Stevenson,17.5,21.3,13.6
2017,6,30,Pagode,16.5,20.8,12.1
2017,6,30,Stevenson,16.3,20.3,12
2017,7,1,Pagode,16.2,21.2,13.3
2017,7,1,Stevenson,16,20.8,13.2
2017,7,2,Pagode,15.9,20.1,9.7
2017,7,2,Stevenson,15.6,19.5,9.4
2017,7,3,Pagode,16.7,21.7,8.5
2017,7,3,Stevenson,16.5,21.2,8.3
2017,7,4,Pagode,18.9,22.8,15.2
2017,7,4,Stevenson,18.7,22.3,15.1
2017,7,5,Pagode,19.4,25,12.4
2017,7,5,Stevenson,19.2,24.6,12
2017,7,6,Pagode,20.2,26.8,11.7
2017,7,6,Stevenson,20,26.3,11.6
2017,7,7,Pagode,21,26.5,15.6
2017,7,7,Stevenson,20.7,26,15.4
2017,7,8,Pagode,19,24.9,12.4
2017,7,8,Stevenson,18.7,24.3,12.3
2017,7,9,Pagode,NA,NA,NA
2017,7,9,Stevenson,NA,NA,NA
2017,7,10,Pagode,19.8,26.2,14.6
2017,7,10,Stevenson,19.5,25.7,14.4
2017,7,11,Pagode,17.9,21,15.5
2017,7,11,Stevenson,17.7,20.4,15.2
2017,7,12,Pagode,15.1,18.7,9.7
2017,7,12,Stevenson,14.9,18.2,9.6
2017,7,13,Pagode,NA,NA,NA
2017,7,13,Stevenson,NA,NA,NA
2017,7,14,Pagode,14.4,19.4,8.6
2017,7,14,Stevenson,14.2,18.8,8.5
2017,7,15,Pagode,17.1,21.5,10.7
2017,7,15,Stevenson,16.8,21.2,10.6
2017,7,16,Pagode,NA,NA,NA
2017,7,16,Stevenson,NA,NA,NA
2017,7,17,Pagode,19.1,24.1,13.8
2017,7,17,Stevenson,18.7,23.6,13.6
2017,7,18,Pagode,20.3,25.9,12.7
2017,7,18,Stevenson,20,25.5,12.5
2017,7,19,Pagode,23.8,29.8,18.3
2017,7,19,Stevenson,23.6,29.4,18.2
2017,7,20,Pagode,19.4,24.6,13.7
2017,7,20,Stevenson,19.2,24.4,13.5
2017,7,21,Pagode,18.6,22.9,13.2
2017,7,21,Stevenson,18.3,22.6,13
2017,7,22,Pagode,19.8,24.7,15.3
2017,7,22,Stevenson,19.5,24.2,15.1
2017,7,23,Pagode,16.2,19.3,13.6
2017,7,23,Stevenson,16,18.9,13.5
2017,7,24,Pagode,16.4,20.5,12.3
2017,7,24,Stevenson,16.1,20.1,12.1
2017,7,25,Pagode,16.7,20.7,13.4
2017,7,25,Stevenson,16.5,20.1,13.3
2017,7,26,Pagode,19.1,23.2,13.6
2017,7,26,Stevenson,18.8,22.9,13.5
2017,7,27,Pagode,18.7,21.6,16.2
2017,7,27,Stevenson,18.5,20.9,16
2017,7,28,Pagode,17.4,21.3,14.8
2017,7,28,Stevenson,17.2,20.7,14.7
2017,7,29,Pagode,18.4,20.7,16.4
2017,7,29,Stevenson,18.2,20.4,16.2
2017,7,30,Pagode,19.1,23.3,13.3
2017,7,30,Stevenson,18.8,22.7,13.1
2017,7,31,Pagode,18.3,23,13.1
2017,7,31,Stevenson,18,22.6,12.9
2017,8,1,Pagode,18.2,23,13.4
2017,8,1,Stevenson,18,22.8,13.3
2017,8,2,Pagode,17.8,22.3,13.9
2017,8,2,Stevenson,17.5,22.1,13.7
2017,8,3,Pagode,19.1,22.6,16.5
2017,8,3,Stevenson,18.9,22.1,16.4
2017,8,4,Pagode,18.4,21.8,15.6
2017,8,4,Stevenson,18.1,21.4,15.4
2017,8,5,Pagode,16.3,20.9,11
2017,8,5,Stevenson,16,20.5,10.8
2017,8,6,Pagode,16.1,22.4,9.4
2017,8,6,Stevenson,15.8,21.9,9.3
2017,8,7,Pagode,17,22.8,9.6
2017,8,7,Stevenson,16.7,22.5,9.5
2017,8,8,Pagode,16.2,19.4,13.9
2017,8,8,Stevenson,16.1,19.3,13.8
2017,8,9,Pagode,17.1,21.9,12.8
2017,8,9,Stevenson,16.8,21.4,12.7
2017,8,10,Pagode,16,20.9,10.4
2017,8,10,Stevenson,15.8,20.6,10.4
2017,8,11,Pagode,16.9,20.9,12.5
2017,8,11,Stevenson,16.6,20.2,12.4
2017,8,12,Pagode,17,21.6,13
2017,8,12,Stevenson,16.8,21,12.9
2017,8,13,Pagode,16.5,21.9,10.6
2017,8,13,Stevenson,16.2,21.1,10.5
2017,8,14,Pagode,18.3,24.5,11.4
2017,8,14,Stevenson,18.1,24.3,11.3
2017,8,15,Pagode,18.2,22.4,14.7
2017,8,15,Stevenson,18,22.1,14.6
2017,8,16,Pagode,17.9,23.3,12.3
2017,8,16,Stevenson,17.6,23,12.2
2017,8,17,Pagode,17.4,20.1,12.7
2017,8,17,Stevenson,17.2,19.9,12.6
2017,8,18,Pagode,17.1,20.2,12.9
2017,8,18,Stevenson,16.9,19.9,12.5
2017,8,19,Pagode,15.6,19.8,12.7
2017,8,19,Stevenson,15.3,19.3,12.5
2017,8,20,Pagode,15.9,20.2,11.2
2017,8,20,Stevenson,15.6,19.8,11.1
2017,8,21,Pagode,16.2,20.9,11.7
2017,8,21,Stevenson,16,20.5,11.5
2017,8,22,Pagode,18.5,23.8,13.3
2017,8,22,Stevenson,18.3,23.6,13.1
2017,8,23,Pagode,19.9,25.5,13.2
2017,8,23,Stevenson,19.7,25.3,13
2017,8,24,Pagode,18.2,22.4,11.8
2017,8,24,Stevenson,18,21.8,11.7
2017,8,25,Pagode,17.4,24.3,10.9
2017,8,25,Stevenson,17.1,23.9,10.7
2017,8,26,Pagode,18.6,25.3,11.1
2017,8,26,Stevenson,18.3,24.9,11
2017,8,27,Pagode,18.4,24.9,11.7
2017,8,27,Stevenson,18.2,24.6,11.6
2017,8,28,Pagode,19.1,26.9,11.2
2017,8,28,Stevenson,18.9,26.6,11.2
2017,8,29,Pagode,21.3,29.2,12.8
2017,8,29,Stevenson,21,28.8,12.7
2017,8,30,Pagode,18.1,22.7,13.6
2017,8,30,Stevenson,17.9,22.4,13.4
2017,8,31,Pagode,14.7,20.1,9.8
2017,8,31,Stevenson,14.4,19.7,9.6
2017,9,1,Pagode,14.8,19.7,10.5
2017,9,1,Stevenson,14.6,19.3,10.4
2017,9,2,Pagode,14,20,8.5
2017,9,2,Stevenson,13.8,19.5,8.3
2017,9,3,Pagode,13.6,20.2,6.3
2017,9,3,Stevenson,13.4,20.1,6.2
2017,9,4,Pagode,16.1,21.9,9.2
2017,9,4,Stevenson,15.9,21.6,9.1
2017,9,5,Pagode,18.7,21.9,16.1
2017,9,5,Stevenson,18.6,21.7,16
2017,9,6,Pagode,16.2,18.5,13.4
2017,9,6,Stevenson,16,18.2,13.3
2017,9,7,Pagode,15.6,18.5,12.8
2017,9,7,Stevenson,15.4,18.2,12.5
2017,9,8,Pagode,15.2,16,14.2
2017,9,8,Stevenson,15,15.7,14.1
2017,9,9,Pagode,13.5,18.3,9
2017,9,9,Stevenson,13.3,18,8.9
2017,9,10,Pagode,14.1,18.1,8.5
2017,9,10,Stevenson,13.8,17.8,8.3
2017,9,11,Pagode,14.3,17.8,11.8
2017,9,11,Stevenson,14.1,17.5,11.7
2017,9,12,Pagode,14.7,18.5,11.9
2017,9,12,Stevenson,14.5,18,11.7
2017,9,13,Pagode,14.1,17.8,10.7
2017,9,13,Stevenson,13.9,17.3,10.5
2017,9,14,Pagode,11.7,15,9.9
2017,9,14,Stevenson,11.5,14.5,9.6
2017,9,15,Pagode,12.6,16.4,9.4
2017,9,15,Stevenson,12.4,16.1,9.2
2017,9,16,Pagode,11,13.2,7.1
2017,9,16,Stevenson,10.8,12.9,7
2017,9,17,Pagode,11.1,17.5,5.1
2017,9,17,Stevenson,10.8,17.3,5
2017,9,18,Pagode,12.2,16.5,8
2017,9,18,Stevenson,11.9,16.1,7.9
2017,9,19,Pagode,12.2,18.2,8.3
2017,9,19,Stevenson,12,18,8.2
2017,9,20,Pagode,13.5,17.6,8.6
2017,9,20,Stevenson,13.2,17.4,8.4
2017,9,21,Pagode,14,18.7,10.1
2017,9,21,Stevenson,13.7,18.5,9.9
2017,9,22,Pagode,12.5,18.9,6.7
2017,9,22,Stevenson,12.3,18.7,6.5
2017,9,23,Pagode,11.3,18.8,4.5
2017,9,23,Stevenson,11.2,18.5,4.1
2017,9,24,Pagode,12.8,20.4,5.2
2017,9,24,Stevenson,12.5,20.2,5
2017,9,25,Pagode,14.5,18,10.6
2017,9,25,Stevenson,14.3,17.9,10.5
2017,9,26,Pagode,13.6,17.4,9.5
2017,9,26,Stevenson,13.5,17.1,9.5
2017,9,27,Pagode,14.1,20.8,7.6
2017,9,27,Stevenson,13.9,20.8,7.5
2017,9,28,Pagode,16.1,20.5,13.7
2017,9,28,Stevenson,15.9,20.3,13.6
2017,9,29,Pagode,17.3,23.1,13.1
2017,9,29,Stevenson,17.1,23,13
2017,9,30,Pagode,13.3,15.8,7.9
2017,9,30,Stevenson,13.1,15.6,7.8
2017,10,1,Pagode,14.2,17.5,10
2017,10,1,Stevenson,14,17.4,9.8
2017,10,2,Pagode,15.7,17.8,13.4
2017,10,2,Stevenson,15.5,17.5,13.3
2017,10,3,Pagode,13.8,16.8,11.8
2017,10,3,Stevenson,13.6,16.3,11.7
2017,10,4,Pagode,NA,NA,NA
2017,10,4,Stevenson,NA,NA,NA
2017,10,5,Pagode,12.7,15.7,9.1
2017,10,5,Stevenson,12.7,15.6,9.3
2017,10,6,Pagode,11.5,15.4,8.6
2017,10,6,Stevenson,11.5,15.3,8.7
2017,10,7,Pagode,12.1,14.1,10.3
2017,10,7,Stevenson,12,14.1,10.3
2017,10,8,Pagode,11.9,14.7,9.7
2017,10,8,Stevenson,11.8,14.7,9.6
2017,10,9,Pagode,12,13.4,10.1
2017,10,9,Stevenson,12,13.4,10.1
2017,10,10,Pagode,14.2,16,12.1
2017,10,10,Stevenson,14.1,15.9,12
2017,10,11,Pagode,14.8,16.2,14.1
2017,10,11,Stevenson,14.8,16.1,14.1
2017,10,12,Pagode,13.4,16.1,10.1
2017,10,12,Stevenson,13.3,15.9,10
2017,10,13,Pagode,NA,NA,NA
2017,10,13,Stevenson,NA,NA,NA
2017,10,14,Pagode,15.3,20.2,10.4
2017,10,14,Stevenson,15.1,20,10.3
2017,10,15,Pagode,16.1,22.3,10.5
2017,10,15,Stevenson,15.9,22.3,10.4
2017,10,16,Pagode,18.8,24.5,13.8
2017,10,16,Stevenson,18.7,24.4,13.8
2017,10,17,Pagode,13.1,16.4,9
2017,10,17,Stevenson,12.9,16.3,8.9
2017,10,18,Pagode,14,18.8,10.7
2017,10,18,Stevenson,13.9,18.9,10.5
2017,10,19,Pagode,16,20.7,11
2017,10,19,Stevenson,15.8,20.6,11
2017,10,20,Pagode,13.9,16.9,10.6
2017,10,20,Stevenson,13.7,16.8,10.5
2017,10,21,Pagode,13.4,17.9,10.6
2017,10,21,Stevenson,13.2,17.7,10.5
2017,10,22,Pagode,10.8,13.3,9.7
2017,10,22,Stevenson,10.7,13.1,9.5
2017,10,23,Pagode,12.6,15.6,10.5
2017,10,23,Stevenson,12.5,15.5,10.3
2017,10,24,Pagode,15.3,17.1,13.1
2017,10,24,Stevenson,15.2,17,13
2017,10,25,Pagode,14.4,17.4,9.9
2017,10,25,Stevenson,14.3,17.2,9.8
2017,10,26,Pagode,14,18,12.2
2017,10,26,Stevenson,13.8,17.8,12.1
2017,10,27,Pagode,11.8,15,9
2017,10,27,Stevenson,11.6,14.8,8.8
2017,10,28,Pagode,12.3,15.2,9.4
2017,10,28,Stevenson,12.2,15.2,9.3
2017,10,29,Pagode,10.6,15.2,6.1
2017,10,29,Stevenson,10.5,15.1,6
2017,10,30,Pagode,8.2,12.8,4.5
2017,10,30,Stevenson,8,12.5,4.2
2017,10,31,Pagode,10.1,11.3,8
2017,10,31,Stevenson,10,11.1,7.9
2017,11,1,Pagode,11.2,13.7,9.6
2017,11,1,Stevenson,11.1,13.5,9.4
2017,11,2,Pagode,10,14.1,4.7
2017,11,2,Stevenson,9.9,14,4.5
2017,11,3,Pagode,8.8,12.6,4
2017,11,3,Stevenson,8.7,12.4,4
2017,11,4,Pagode,10.7,13.2,7.7
2017,11,4,Stevenson,10.5,13.1,7.4
2017,11,5,Pagode,7.8,11.5,4.6
2017,11,5,Stevenson,7.7,11.3,4.4
2017,11,6,Pagode,5.2,11.2,0
2017,11,6,Stevenson,5.1,11.3,-0.1
2017,11,7,Pagode,3.5,10,-1
2017,11,7,Stevenson,3.4,10.4,-1.1
2017,11,8,Pagode,5.9,7.9,2.5
2017,11,8,Stevenson,5.8,8.4,2.4
2017,11,9,Pagode,8.7,11.3,6.1
2017,11,9,Stevenson,8.6,11.1,5.9
2017,11,10,Pagode,9.2,12.1,5.5
2017,11,10,Stevenson,9.1,11.9,5.4
2017,11,11,Pagode,6.6,9.3,4.2
2017,11,11,Stevenson,6.4,9.4,4.1
2017,11,12,Pagode,5.1,6,3.5
2017,11,12,Stevenson,4.9,6,3.4
2017,11,13,Pagode,6.1,10.8,2.3
2017,11,13,Stevenson,5.9,10.5,2.1
2017,11,14,Pagode,7.5,9.2,3.1
2017,11,14,Stevenson,7.4,9.1,2.9
2017,11,15,Pagode,9.4,10.3,8.6
2017,11,15,Stevenson,9.3,10.1,8.5
2017,11,16,Pagode,9.4,10.6,6.4
2017,11,16,Stevenson,9.3,10.5,6.1
2017,11,17,Pagode,5.5,11.1,1.5
2017,11,17,Stevenson,5.4,11.3,1.3
2017,11,18,Pagode,6.9,9.7,4.1
2017,11,18,Stevenson,6.8,9.7,4
2017,11,19,Pagode,6.5,10.5,3.7
2017,11,19,Stevenson,6.4,10.3,3.5
2017,11,20,Pagode,7.8,11.7,4.7
2017,11,20,Stevenson,7.7,11.5,4.6
2017,11,21,Pagode,11.6,12.4,10.7
2017,11,21,Stevenson,11.5,12.3,10.5
2017,11,22,Pagode,11.5,13.5,10.6
2017,11,22,Stevenson,11.4,13.4,10.5
2017,11,23,Pagode,11.2,14.4,8.1
2017,11,23,Stevenson,11.1,14.2,8
2017,11,24,Pagode,7,9.5,4.7
2017,11,24,Stevenson,6.9,9.3,4.6
2017,11,25,Pagode,3.8,7.5,0.2
2017,11,25,Stevenson,3.6,7.4,0
2017,11,26,Pagode,5.1,8.3,2.5
2017,11,26,Stevenson,5,8.2,2.3
2017,11,27,Pagode,6.6,9.1,4.8
2017,11,27,Stevenson,6.5,8.9,4.7
2017,11,28,Pagode,5.4,8,1.2
2017,11,28,Stevenson,5.2,8.1,0.9
2017,11,29,Pagode,2.8,4,0.9
2017,11,29,Stevenson,2.7,3.9,0.8
2017,11,30,Pagode,1.5,4.7,-1.7
2017,11,30,Stevenson,1.4,4.5,-1.9
2017,12,1,Pagode,0.2,3.2,-2.3
2017,12,1,Stevenson,0,3,-2.5
2017,12,2,Pagode,-0.3,0.5,-1.1
2017,12,2,Stevenson,-0.5,0.4,-1.2
2017,12,3,Pagode,3.4,6.3,0.4
2017,12,3,Stevenson,3.3,6.1,0.2
2017,12,4,Pagode,6.7,9.2,4.7
2017,12,4,Stevenson,6.6,9.2,4.6
2017,12,5,Pagode,7.6,9,5.4
2017,12,5,Stevenson,7.5,8.9,5.3
2017,12,6,Pagode,8.1,9.1,7
2017,12,6,Stevenson,8,9,6.9
2017,12,7,Pagode,5.9,7.2,4.4
2017,12,7,Stevenson,5.8,7.1,4.2
2017,12,8,Pagode,2.6,5.9,0.5
2017,12,8,Stevenson,2.5,5.9,0.4
2017,12,9,Pagode,2.1,4.6,0.6
2017,12,9,Stevenson,2,4.5,0.5
2017,12,10,Pagode,1.2,3.9,0.1
2017,12,10,Stevenson,1.1,3.8,0.1
2017,12,11,Pagode,0.1,1.3,-2.5
2017,12,11,Stevenson,-0.1,1,-2.6
2017,12,12,Pagode,1.6,5.1,0
2017,12,12,Stevenson,1.4,4.1,-0.1
2017,12,13,Pagode,3.9,6.2,0.9
2017,12,13,Stevenson,3.9,6.2,0.7
2017,12,14,Pagode,NA,NA,NA
2017,12,14,Stevenson,NA,NA,NA
2017,12,15,Pagode,NA,NA,NA
2017,12,15,Stevenson,NA,NA,NA
2017,12,16,Pagode,2.4,6.3,0.2
2017,12,16,Stevenson,2.3,6.4,0.1
2017,12,17,Pagode,2.6,6.4,-2
2017,12,17,Stevenson,2.4,6.4,-2.2
2017,12,18,Pagode,5.9,8.2,2.7
2017,12,18,Stevenson,5.8,8,2.6
2017,12,19,Pagode,5.2,7.6,1.7
2017,12,19,Stevenson,5.1,7.5,1.6
2017,12,20,Pagode,7.5,8.8,5.1
2017,12,20,Stevenson,7.4,8.7,5
2017,12,21,Pagode,8.5,9.8,7.7
2017,12,21,Stevenson,8.4,9.8,7.6
2017,12,22,Pagode,8.6,9.8,7.4
2017,12,22,Stevenson,8.5,9.5,7.3
2017,12,23,Pagode,8.8,9.4,8.2
2017,12,23,Stevenson,8.7,9.3,8.1
2017,12,24,Pagode,8.3,9.6,7.3
2017,12,24,Stevenson,8.1,9.5,7.2
2017,12,25,Pagode,7.6,9.1,4.7
2017,12,25,Stevenson,7.5,9,4.6
2017,12,26,Pagode,5.9,7.5,4.7
2017,12,26,Stevenson,5.8,7.4,4.6
2017,12,27,Pagode,5.1,6.7,2.8
2017,12,27,Stevenson,5,6.6,2.7
2017,12,28,Pagode,3.8,5.7,2
2017,12,28,Stevenson,3.7,5.5,1.9
2017,12,29,Pagode,2.7,6.7,-0.3
2017,12,29,Stevenson,2.6,6.6,-0.4
2017,12,30,Pagode,8.7,12.3,4
2017,12,30,Stevenson,8.6,12.2,4
2017,12,31,Pagode,10.7,13.7,8.6
2017,12,31,Stevenson,10.6,13.6,8.5
2018,1,1,Pagode,6.9,8.7,5.3
2018,1,1,Stevenson,6.8,8.6,5.2
2018,1,2,Pagode,6.3,8.7,4.1
2018,1,2,Stevenson,6.2,8.9,3.9
2018,1,3,Pagode,8.8,10.5,5.6
2018,1,3,Stevenson,8.8,11,5.5
2018,1,4,Pagode,8.3,10.6,6.9
2018,1,4,Stevenson,8.2,10.5,6.7
2018,1,5,Pagode,6.4,8.7,4.5
2018,1,5,Stevenson,6.2,8.6,4.2
2018,1,6,Pagode,4.7,6.8,2.4
2018,1,6,Stevenson,4.5,6.6,2.2
2018,1,7,Pagode,1.4,3.3,-1
2018,1,7,Stevenson,1.2,3.1,-1.1
2018,1,8,Pagode,1.3,4.2,-1.2
2018,1,8,Stevenson,1.1,4,-1.3
2018,1,9,Pagode,3.1,6.2,0.1
2018,1,9,Stevenson,3,6.1,0
2018,1,10,Pagode,7,7.7,6
2018,1,10,Stevenson,6.9,7.6,5.9
2018,1,11,Pagode,5.9,7.8,3.5
2018,1,11,Stevenson,5.8,7.7,3.5
2018,1,12,Pagode,5.1,6.1,4.3
2018,1,12,Stevenson,4.9,6,4.2
2018,1,13,Pagode,4.4,6.3,2
2018,1,13,Stevenson,4.3,6.2,1.7
2018,1,14,Pagode,3.2,5.6,1.1
2018,1,14,Stevenson,3,5.6,1
2018,1,15,Pagode,5.1,7.8,2.1
2018,1,15,Stevenson,5,7.7,2
2018,1,16,Pagode,5.3,7.3,2.4
2018,1,16,Stevenson,5.1,7,2.3
2018,1,17,Pagode,4.5,6,2.1
2018,1,17,Stevenson,4.3,5.9,1.9
2018,1,18,Pagode,4.8,10.1,1.1
2018,1,18,Stevenson,4.6,10,0.8
2018,1,19,Pagode,3.6,6.9,1.3
2018,1,19,Stevenson,3.4,6.6,1.1
2018,1,20,Pagode,2.2,3.7,0.7
2018,1,20,Stevenson,2.1,3.6,0.5
2018,1,21,Pagode,2.8,7,-0.5
2018,1,21,Stevenson,2.6,7,-0.6
2018,1,22,Pagode,6.2,8.8,2.1
2018,1,22,Stevenson,6.1,8.7,2
2018,1,23,Pagode,8,11,4.5
2018,1,23,Stevenson,7.9,10.9,4.3
2018,1,24,Pagode,11.9,14.5,7.4
2018,1,24,Stevenson,11.8,14.4,7.2
2018,1,25,Pagode,7.7,9.3,5.8
2018,1,25,Stevenson,7.6,9.1,5.7
2018,1,26,Pagode,5.5,8.3,3.2
2018,1,26,Stevenson,5.4,8.2,3
2018,1,27,Pagode,5.9,7.5,4.4
2018,1,27,Stevenson,5.8,7.4,4.2
2018,1,28,Pagode,9.7,10.8,7
2018,1,28,Stevenson,9.6,10.7,6.8
2018,1,29,Pagode,8.8,10.8,3.9
2018,1,29,Stevenson,8.7,10.7,3.8
2018,1,30,Pagode,4.5,7.6,2.3
2018,1,30,Stevenson,4.4,7.4,2
2018,1,31,Pagode,6.6,9.4,2.8
2018,1,31,Stevenson,6.5,9.3,2.7
2018,2,1,Pagode,3.4,6.1,1.9
2018,2,1,Stevenson,3.3,5.9,1.8
2018,2,2,Pagode,4.5,7.2,0.1
2018,2,2,Stevenson,4.3,7,-0.1
2018,2,3,Pagode,2,4.9,-0.1
2018,2,3,Stevenson,1.9,4.6,-0.3
2018,2,4,Pagode,1.7,3.7,-0.5
2018,2,4,Stevenson,1.6,3.5,-0.8
2018,2,5,Pagode,1.3,3.4,-1.8
2018,2,5,Stevenson,1.2,3.2,-2
2018,2,6,Pagode,-1.8,2.2,-4.3
2018,2,6,Stevenson,-2,1.9,-4.5
2018,2,7,Pagode,-2.2,2.2,-6.4
2018,2,7,Stevenson,-2.4,1.9,-6.7
2018,2,8,Pagode,1.1,4.9,-2.1
2018,2,8,Stevenson,1,4.8,-2.3
2018,2,9,Pagode,0.7,2.3,-0.7
2018,2,9,Stevenson,0.6,2.1,-0.8
2018,2,10,Pagode,3,7.2,0.5
2018,2,10,Stevenson,2.9,7,0.4
2018,2,11,Pagode,4.5,7.3,1.7
2018,2,11,Stevenson,4.4,7.1,1.5
2018,2,12,Pagode,3.1,6.6,0.5
2018,2,12,Stevenson,2.9,6.5,0.2
2018,2,13,Pagode,2.2,6.3,-0.7
2018,2,13,Stevenson,2.1,6.3,-0.8
2018,2,14,Pagode,2,5.7,-1.8
2018,2,14,Stevenson,1.9,5.6,-2
2018,2,15,Pagode,4.2,9.9,0.7
2018,2,15,Stevenson,4.1,9.8,0.6
2018,2,16,Pagode,3.5,9.1,-1.6
2018,2,16,Stevenson,3.3,8.8,-1.9
2018,2,17,Pagode,1.7,7.8,-3.4
2018,2,17,Stevenson,1.4,7.7,-3.7
2018,2,18,Pagode,1.3,7.6,-4
2018,2,18,Stevenson,1.1,7.6,-4.3
2018,2,19,Pagode,1.5,3.6,-1.2
2018,2,19,Stevenson,1.4,3.5,-1.4
2018,2,20,Pagode,NA,NA,NA
2018,2,20,Stevenson,NA,NA,NA
2018,2,21,Pagode,0.6,5,-3.6
2018,2,21,Stevenson,0.3,4.7,-3.9
2018,2,22,Pagode,0.6,5.3,-2.4
2018,2,22,Stevenson,0.4,4.9,-2.5
2018,2,23,Pagode,-0.2,3.6,-3
2018,2,23,Stevenson,-0.4,3.2,-3.2
2018,2,24,Pagode,-0.2,3.4,-3.1
2018,2,24,Stevenson,-0.4,3.1,-3.2
2018,2,25,Pagode,-1.9,1.2,-4.5
2018,2,25,Stevenson,-2.1,0.8,-4.7
2018,2,26,Pagode,-3.1,0.1,-5.6
2018,2,26,Stevenson,-3.3,-0.3,-5.8
2018,2,27,Pagode,-3.2,0.3,-5.9
2018,2,27,Stevenson,-3.4,-0.1,-6.1
2018,2,28,Pagode,-6.4,-4.6,-8.3
2018,2,28,Stevenson,-6.6,-4.9,-8.5
2018,3,1,Pagode,-4.7,-0.7,-8.2
2018,3,1,Stevenson,-4.8,-0.9,-8.3
2018,3,2,Pagode,-3.7,-0.6,-7
2018,3,2,Stevenson,-3.8,-0.8,-7.1
2018,3,3,Pagode,-1.6,1.1,-4.3
2018,3,3,Stevenson,-1.7,1,-4.4
2018,3,4,Pagode,5.1,11.2,-1.7
2018,3,4,Stevenson,5,11.1,-1.9
2018,3,5,Pagode,7,12,3.9
2018,3,5,Stevenson,6.8,11.8,3.7
2018,3,6,Pagode,6,10.2,2.2
2018,3,6,Stevenson,5.8,9.9,2.1
2018,3,7,Pagode,6,9.6,1.3
2018,3,7,Stevenson,5.9,9.4,1.2
2018,3,8,Pagode,4.8,8.4,1.7
2018,3,8,Stevenson,4.7,8.1,1.5
2018,3,9,Pagode,6.7,9.6,2.9
2018,3,9,Stevenson,6.5,9.3,2.8
2018,3,10,Pagode,11.5,15.3,7.2
2018,3,10,Stevenson,11.3,15,7.2
2018,3,11,Pagode,10.6,14.1,8.3
2018,3,11,Stevenson,10.4,14,8.3
2018,3,12,Pagode,10.5,14.2,8.1
2018,3,12,Stevenson,10.3,14,7.9
2018,3,13,Pagode,5.7,8.9,3.8
2018,3,13,Stevenson,5.6,8.8,3.7
2018,3,14,Pagode,6.2,11.2,0.2
2018,3,14,Stevenson,6,11.1,0.1
2018,3,15,Pagode,7.5,10.9,4
2018,3,15,Stevenson,7.4,10.7,3.8
2018,3,16,Pagode,4,6.3,0.1
2018,3,16,Stevenson,3.9,6.2,0
2018,3,17,Pagode,-1.3,0.1,-2.5
2018,3,17,Stevenson,-1.4,0,-2.6
2018,3,18,Pagode,-0.9,1.2,-2.8
2018,3,18,Stevenson,-1,1,-3
2018,3,19,Pagode,-0,4.9,-3.7
2018,3,19,Stevenson,-0.2,4.6,-3.8
2018,3,20,Pagode,3.8,8.3,-1.5
2018,3,20,Stevenson,3.6,7.9,-1.6
2018,3,21,Pagode,3.6,8.2,-2.7
2018,3,21,Stevenson,3.4,8,-2.8
2018,3,22,Pagode,6.6,10.6,4.1
2018,3,22,Stevenson,6.4,10.2,4
2018,3,23,Pagode,6.3,7.3,5.3
2018,3,23,Stevenson,6.2,7.1,5.2
2018,3,24,Pagode,6.8,12.5,1.3
2018,3,24,Stevenson,6.7,12.5,1
2018,3,25,Pagode,5.9,13.3,-0.6
2018,3,25,Stevenson,5.6,12.8,-0.8
2018,3,26,Pagode,4.8,11.3,0.4
2018,3,26,Stevenson,4.5,10.9,0.2
2018,3,27,Pagode,NA,NA,NA
2018,3,27,Stevenson,NA,NA,NA
2018,3,28,Pagode,6.1,7.8,2.9
2018,3,28,Stevenson,5.9,7.6,2.7
2018,3,29,Pagode,6.8,10.7,3.7
2018,3,29,Stevenson,6.6,10.9,3.6
2018,3,30,Pagode,9.2,13.8,5.3
2018,3,30,Stevenson,9,13.5,5.2
2018,3,31,Pagode,7.4,12.3,3.1
2018,3,31,Stevenson,7.2,12.3,2.9
2018,4,1,Pagode,5.1,8.2,1
2018,4,1,Stevenson,5,7.9,0.9
2018,4,2,Pagode,7.7,12.3,1
2018,4,2,Stevenson,7.5,12.2,0.7
2018,4,3,Pagode,12.9,17.2,9.3
2018,4,3,Stevenson,12.7,16.9,9.2
2018,4,4,Pagode,10.5,14.7,8.2
2018,4,4,Stevenson,10.3,14.4,8.1
2018,4,5,Pagode,6.5,10.3,0.7
2018,4,5,Stevenson,6.3,9.8,0.5
2018,4,6,Pagode,9,15,0.7
2018,4,6,Stevenson,8.8,14.8,0.4
2018,4,7,Pagode,14.5,21.8,9
2018,4,7,Stevenson,14.3,21.6,8.9
2018,4,8,Pagode,15.4,23.3,8.8
2018,4,8,Stevenson,15.2,23.1,8.6
2018,4,9,Pagode,12.8,17.9,9.3
2018,4,9,Stevenson,12.6,17.5,9.2
2018,4,10,Pagode,15.7,20.5,10.2
2018,4,10,Stevenson,15.5,20.3,10
2018,4,11,Pagode,13,17.6,9.3
2018,4,11,Stevenson,12.8,17.4,9.1
2018,4,12,Pagode,10.7,14.7,7.4
2018,4,12,Stevenson,10.6,14.3,7.3
2018,4,13,Pagode,10.2,14.7,4.3
2018,4,13,Stevenson,10,14.4,4.1
2018,4,14,Pagode,11.6,16.5,6.8
2018,4,14,Stevenson,11.4,16.3,6.7
2018,4,15,Pagode,12.9,17.1,9.6
2018,4,15,Stevenson,12.7,16.8,9.4
2018,4,16,Pagode,11.9,16.2,5.6
2018,4,16,Stevenson,11.6,15.9,5.4
2018,4,17,Pagode,13.4,20.6,5.9
2018,4,17,Stevenson,13.1,20.4,5.6
2018,4,18,Pagode,17,24.1,7.5
2018,4,18,Stevenson,16.8,24,7.2
2018,4,19,Pagode,20.4,28.3,11.6
2018,4,19,Stevenson,20.2,28.1,11.4
2018,4,20,Pagode,18.8,27,11.1
2018,4,20,Stevenson,18.4,26.7,10.9
2018,4,21,Pagode,16,22.7,8.7
2018,4,21,Stevenson,15.7,22.3,8.7
2018,4,22,Pagode,18.1,26.6,10.5
2018,4,22,Stevenson,17.8,26.1,10.3
2018,4,23,Pagode,13.5,16.8,9.8
2018,4,23,Stevenson,13.2,16.1,9.7
2018,4,24,Pagode,12.9,15.5,9.5
2018,4,24,Stevenson,12.7,15.1,9.4
2018,4,25,Pagode,11.8,14.6,8.5
2018,4,25,Stevenson,11.6,14.2,8.4
2018,4,26,Pagode,10.5,13.9,7.1
2018,4,26,Stevenson,10.2,13.4,6.8
2018,4,27,Pagode,10.7,15.1,4.3
2018,4,27,Stevenson,10.4,14.8,4.1
2018,4,28,Pagode,12,14.9,5.9
2018,4,28,Stevenson,11.8,14.6,5.7
2018,4,29,Pagode,9.3,12.3,3.8
2018,4,29,Stevenson,9.2,12.2,3.6
2018,4,30,Pagode,9.6,13.3,5.8
2018,4,30,Stevenson,9.5,13,5.7
2018,5,1,Pagode,8.2,13.3,3
2018,5,1,Stevenson,7.9,12.8,2.7
2018,5,2,Pagode,11.1,17.3,2.3
2018,5,2,Stevenson,10.8,17,2.1
2018,5,3,Pagode,10.9,16,4.8
2018,5,3,Stevenson,10.5,15.5,4.6
2018,5,4,Pagode,12.4,18.5,3.1
2018,5,4,Stevenson,12.1,18,2.9
2018,5,5,Pagode,15.4,22.8,6.3
2018,5,5,Stevenson,15.1,22.3,6.1
2018,5,6,Pagode,18.3,26.8,7.7
2018,5,6,Stevenson,18,26.3,7.5
2018,5,7,Pagode,19,26.1,9.9
2018,5,7,Stevenson,18.7,25.6,9.8
2018,5,8,Pagode,20,27.3,11.9
2018,5,8,Stevenson,19.7,27,11.7
2018,5,9,Pagode,18.4,25.9,11
2018,5,9,Stevenson,18.1,25.4,10.8
2018,5,10,Pagode,12.4,17.4,6.3
2018,5,10,Stevenson,12.1,16.8,6.1
2018,5,11,Pagode,12.8,19.5,3.3
2018,5,11,Stevenson,12.6,18.9,3.1
2018,5,12,Pagode,17.7,23.9,8.3
2018,5,12,Stevenson,17.5,23.7,7.9
2018,5,13,Pagode,13.5,16.8,11.2
2018,5,13,Stevenson,13.2,16.7,11.1
2018,5,14,Pagode,18.9,26.7,11.2
2018,5,14,Stevenson,18.6,26.2,11.1
2018,5,15,Pagode,19.6,25.1,13.2
2018,5,15,Stevenson,19.4,24.6,13
2018,5,16,Pagode,15.3,21.8,11.1
2018,5,16,Stevenson,15.1,21.1,10.9
2018,5,17,Pagode,11.8,15.9,8.4
2018,5,17,Stevenson,11.5,15.3,8.2
2018,5,18,Pagode,11.2,14.8,7.9
2018,5,18,Stevenson,10.9,14.2,7.7
2018,5,19,Pagode,11.4,14.3,7
2018,5,19,Stevenson,11.2,14.2,6.8
2018,5,20,Pagode,15.9,24.6,5.6
2018,5,20,Stevenson,15.6,24.2,5.3
2018,5,21,Pagode,19.7,25.7,10.2
2018,5,21,Stevenson,19.4,25.1,9.9
2018,5,22,Pagode,18.5,24.6,14.7
2018,5,22,Stevenson,18.3,24,14.6
2018,5,23,Pagode,19,25.3,14.4
2018,5,23,Stevenson,18.8,24.9,14.3
2018,5,24,Pagode,18.6,22.8,13.7
2018,5,24,Stevenson,18.4,22.5,13.5
2018,5,25,Pagode,21,26.5,16.2
2018,5,25,Stevenson,20.7,26.3,16
2018,5,26,Pagode,23.4,29.5,15.4
2018,5,26,Stevenson,23.2,29.2,15.2
2018,5,27,Pagode,20.7,26.3,15.6
2018,5,27,Stevenson,20.5,26,15.5
2018,5,28,Pagode,22.9,30.2,13.9
2018,5,28,Stevenson,22.7,29.6,13.8
2018,5,29,Pagode,22.1,31.5,18
2018,5,29,Stevenson,21.9,30.9,17.8
2018,5,30,Pagode,21.7,26.9,17
2018,5,30,Stevenson,21.5,26.6,16.9
2018,5,31,Pagode,20.5,24.3,17.2
2018,5,31,Stevenson,20.3,23.9,17.2
2018,6,1,Pagode,17.9,24.2,14.5
2018,6,1,Stevenson,17.7,23.4,14.4
2018,6,2,Pagode,17.2,20.6,15.1
2018,6,2,Stevenson,17,20.2,15
2018,6,3,Pagode,19.6,24,15.6
2018,6,3,Stevenson,19.4,23.6,15.5
2018,6,4,Pagode,18.5,23.8,15.8
2018,6,4,Stevenson,18.3,23.3,15.6
2018,6,5,Pagode,17.1,20.8,13.4
2018,6,5,Stevenson,16.8,20.4,13.2
2018,6,6,Pagode,NA,NA,NA
2018,6,6,Stevenson,NA,NA,NA
2018,6,7,Pagode,22.8,29,13.6
2018,6,7,Stevenson,22.5,28.7,13.6
2018,6,8,Pagode,18.6,20.1,17.4
2018,6,8,Stevenson,18.5,20,17.2
2018,6,9,Pagode,20,25.4,16.1
2018,6,9,Stevenson,19.7,24.9,15.9
2018,6,10,Pagode,18.6,23.1,13.7
2018,6,10,Stevenson,18.3,22.7,13.5
2018,6,11,Pagode,17.3,22.8,10.4
2018,6,11,Stevenson,17,22.4,10.3
2018,6,12,Pagode,15,16.9,13.1
2018,6,12,Stevenson,14.8,16.6,12.9
2018,6,13,Pagode,15.1,19.8,10.1
2018,6,13,Stevenson,14.8,19.2,9.8
2018,6,14,Pagode,15.8,20,9.4
2018,6,14,Stevenson,15.5,19.7,9.2
2018,6,15,Pagode,19.1,24.9,15
2018,6,15,Stevenson,18.8,24.4,14.9
2018,6,16,Pagode,17.7,21.4,14.7
2018,6,16,Stevenson,17.4,20.8,14.5
2018,6,17,Pagode,15.7,18.4,14
2018,6,17,Stevenson,15.5,17.9,13.7
2018,6,18,Pagode,16.8,19.1,14.7
2018,6,18,Stevenson,16.6,18.8,14.6
2018,6,19,Pagode,17.9,20.5,14.6
2018,6,19,Stevenson,17.7,20.2,14.6
2018,6,20,Pagode,19.2,25.3,14.4
2018,6,20,Stevenson,18.9,24.9,14.3
2018,6,21,Pagode,14.7,17.7,11.5
2018,6,21,Stevenson,14.5,17.6,11.4
2018,6,22,Pagode,13.5,17.3,8.7
2018,6,22,Stevenson,13.3,16.7,8.4
2018,6,23,Pagode,15.1,20.4,8.4
2018,6,23,Stevenson,14.9,19.8,8.2
2018,6,24,Pagode,14.9,18.3,10.4
2018,6,24,Stevenson,14.7,17.9,10.3
2018,6,25,Pagode,16.8,21.8,11
2018,6,25,Stevenson,16.6,21.4,10.8
2018,6,26,Pagode,16.4,21.8,9.7
2018,6,26,Stevenson,16.1,21.3,9.6
2018,6,27,Pagode,18.3,24.8,10.5
2018,6,27,Stevenson,18,24.4,10.3
2018,6,28,Pagode,21.7,27.3,14.8
2018,6,28,Stevenson,21.4,26.9,14.6
2018,6,29,Pagode,19.9,26.7,13.6
2018,6,29,Stevenson,19.6,26.2,13.4
2018,6,30,Pagode,21.7,28.5,13.1
2018,6,30,Stevenson,21.4,28,12.9
2018,7,1,Pagode,21.9,27,16.2
2018,7,1,Stevenson,21.6,26.5,16.1
2018,7,2,Pagode,21.2,27.2,13.5
2018,7,2,Stevenson,20.9,26.7,13.2
2018,7,3,Pagode,20,26.4,12.5
2018,7,3,Stevenson,19.7,26,12.3
2018,7,4,Pagode,19.6,25.7,13.4
2018,7,4,Stevenson,19.3,25.1,13.2
2018,7,5,Pagode,19.2,24.7,14
2018,7,5,Stevenson,18.8,24.1,13.7
2018,7,6,Pagode,19.8,25.1,13.7
2018,7,6,Stevenson,19.5,24.7,13.5
2018,7,7,Pagode,19,25.4,10.7
2018,7,7,Stevenson,18.7,24.9,10.5
2018,7,8,Pagode,18.9,24.8,10.6
2018,7,8,Stevenson,18.6,24.3,10.4
2018,7,9,Pagode,17.8,22.9,12.5
2018,7,9,Stevenson,17.6,22.5,12.5
2018,7,10,Pagode,16.3,21.7,11.3
2018,7,10,Stevenson,16,21.2,11.1
2018,7,11,Pagode,17.9,23,11
2018,7,11,Stevenson,17.7,22.6,10.9
2018,7,12,Pagode,19.3,25.1,13.7
2018,7,12,Stevenson,19,24.6,13.5
2018,7,13,Pagode,18.8,24.9,12.7
2018,7,13,Stevenson,18.5,24.3,12.6
2018,7,14,Pagode,19.2,25.3,12
2018,7,14,Stevenson,18.9,24.7,11.9
2018,7,15,Pagode,21.5,28.9,12
2018,7,15,Stevenson,21.3,28.6,11.9
2018,7,16,Pagode,23.2,30.2,12.7
2018,7,16,Stevenson,23,29.6,12.4
2018,7,17,Pagode,20.6,26.2,12.7
2018,7,17,Stevenson,20.2,25.4,12.6
2018,7,18,Pagode,19.3,25.5,10.7
2018,7,18,Stevenson,19,25.1,10.7
2018,7,19,Pagode,20.1,26.1,13
2018,7,19,Stevenson,19.8,25.9,12.9
2018,7,20,Pagode,19.6,25.6,11.6
2018,7,20,Stevenson,19.3,25.2,11.5
2018,7,21,Pagode,21.3,27.4,15.2
2018,7,21,Stevenson,21,27,14.9
2018,7,22,Pagode,20.9,27.1,14.3
2018,7,22,Stevenson,20.5,26.7,14
2018,7,23,Pagode,22.9,30.1,13.6
2018,7,23,Stevenson,22.6,29.9,13.4
2018,7,24,Pagode,24.8,32.1,16.7
2018,7,24,Stevenson,24.6,31.8,16.6
2018,7,25,Pagode,24.4,30.7,18.8
2018,7,25,Stevenson,24.2,30.3,18.8
2018,7,26,Pagode,27.9,36.3,19.4
2018,7,26,Stevenson,27.7,36,19.3
2018,7,27,Pagode,30.2,35.9,22.6
2018,7,27,Stevenson,30,35.5,22.5
2018,7,28,Pagode,20.6,24.3,13.9
2018,7,28,Stevenson,20.4,23.9,13.7
2018,7,29,Pagode,21.5,26.7,14.6
2018,7,29,Stevenson,21.3,26.4,14.5
2018,7,30,Pagode,24.3,30.9,17.5
2018,7,30,Stevenson,24,30.6,17.3
2018,7,31,Pagode,21,26.8,13.7
2018,7,31,Stevenson,20.7,26.3,13.5
2018,8,1,Pagode,20.6,28,11.7
2018,8,1,Stevenson,20.4,27.8,11.5
2018,8,2,Pagode,23.1,30.3,15.5
2018,8,2,Stevenson,22.8,29.9,15.4
2018,8,3,Pagode,24.2,31.2,14.9
2018,8,3,Stevenson,24,30.7,14.8
2018,8,4,Pagode,22.9,29,17
2018,8,4,Stevenson,22.6,28.4,16.9
2018,8,5,Pagode,20.9,25.8,15.1
2018,8,5,Stevenson,20.7,25.4,15.1
2018,8,6,Pagode,23.6,31.8,14.4
2018,8,6,Stevenson,23.4,31.5,14.2
2018,8,7,Pagode,26.3,34.6,15
2018,8,7,Stevenson,26.1,34.4,15
2018,8,8,Pagode,19.9,23.4,12.9
2018,8,8,Stevenson,19.7,22.9,12.7
2018,8,9,Pagode,17.5,22.8,11.8
2018,8,9,Stevenson,17.3,22.6,11.7
2018,8,10,Pagode,16.7,21.4,12.1
2018,8,10,Stevenson,16.5,21.1,11.8
2018,8,11,Pagode,15.7,21.1,11.4
2018,8,11,Stevenson,15.4,20.7,11.1
2018,8,12,Pagode,19.9,27.3,11.6
2018,8,12,Stevenson,19.7,27.1,11.3
2018,8,13,Pagode,18.9,22.1,16.4
2018,8,13,Stevenson,18.7,21.8,16.2
2018,8,14,Pagode,18.9,22.7,15.9
2018,8,14,Stevenson,18.7,22.1,15.8
2018,8,15,Pagode,19.8,22.7,16
2018,8,15,Stevenson,19.6,22.4,15.7
2018,8,16,Pagode,18.8,23.8,15.4
2018,8,16,Stevenson,18.6,23.5,15.2
2018,8,17,Pagode,17.8,23.7,11.8
2018,8,17,Stevenson,17.6,23.2,11.6
2018,8,18,Pagode,17.8,21.7,11.2
2018,8,18,Stevenson,17.6,21.4,11
2018,8,19,Pagode,19.6,22.9,17.2
2018,8,19,Stevenson,19.4,22.7,17
2018,8,20,Pagode,19.8,23.7,15.1
2018,8,20,Stevenson,19.7,23.6,15
2018,8,21,Pagode,20.3,26.3,14.8
2018,8,21,Stevenson,20.1,26,14.7
2018,8,22,Pagode,20.1,25.6,14.2
2018,8,22,Stevenson,19.8,25.1,14
2018,8,23,Pagode,18.6,22.4,13.4
2018,8,23,Stevenson,18.4,22.2,13.2
2018,8,24,Pagode,15.8,19.8,11
2018,8,24,Stevenson,15.5,19.4,10.8
2018,8,25,Pagode,12.8,17.1,9.4
2018,8,25,Stevenson,12.5,16.9,9.3
2018,8,26,Pagode,14.6,19.6,7.7
2018,8,26,Stevenson,14.4,19.2,7.7
2018,8,27,Pagode,17.1,19.5,13.4
2018,8,27,Stevenson,16.9,19.1,13.2
2018,8,28,Pagode,17.2,21.7,11.3
2018,8,28,Stevenson,17,21.4,11.3
2018,8,29,Pagode,14.9,20,9.1
2018,8,29,Stevenson,14.8,19.7,9
2018,8,30,Pagode,15.4,20.4,9.2
2018,8,30,Stevenson,15.1,19.9,8.9
2018,8,31,Pagode,12.9,18.2,7.3
2018,8,31,Stevenson,12.7,18.1,7.2
